0         70  150             N 
1        150  100             N 
2        220  250             N 
3        230  150             N 
4        290   25             N 
5        340  150             N 
6        370  200             N 
7        430  200             N 
8        520   25             N 
9        590  100             N 
10       640  125             N 
11       670   75             N 
12       680   75             N 
13       750  200             N 
14       760  225             N 
15       770  225             N 
16       780  300             N 
17       880   75             N 
18       950  250             N 
19       980  225             N 
20      1050  200             N 
21      1130  100             N 
22      1150  300             N 
23      1240  100             N 
24      1270   75             N 
25      1310  100             N 
26      1330  125             R 
27      1340  150             N 
28      1400   75             N 
29      1500   50             N 
30      1530  250             N 
31      1550   50             N 
32      1600  125             N 
33      1680  125             N 
34      1770  100             N 
35      1830  275             N 
36      1910  225             N 
37      1990   50             N 
38      2020  250             N 
39      2100  125             R 
40      2170   50             N 
41      2220   25             N 
42      2270  175             N 
43      2330  125             N 
44      2340  200             N 
45      2390  275             N 
46      2470   50             N 
47      2510  225             N 
48      2550  175             N 
49      2630  250             R
50      2690  225             N 
51      2740  275             N 
52      2760  200             N 
53      2830  225             N 
54      2930  300             N 
55      2950  300             N 
56      3040  200             N 
57      3080  275             N 
58      3170   50             N 
59      3190  225             N 
60      3250   50             N 
61      3280  275             N 
62      3310  125             N 
63      3370  300             N 
64      3410  275             N 
65      3510  125             N 
66      3600  300             N 
67      3640  125             N 
68      3720   25             R 
69      3790  200             N 
70      3870  125             N 
71      3920  300             N 
72      3980  275             N 
73      3990  200             N 
74      4080  275             N 
75      4170  175             N 
76      4230  300             N 
77      4300  100             N 
78      4310   25             N 
79      4410  175             N 
80      4500  175             N 
81      4530  250             N 
82      4600  125             N 
83      4640   25             N 
84      4670   75             N 
85      4720  150             N 
86      4800  100             N 
87      4900  175             N 
88      4970  125             N 
89      5060  225             N 
90      5140   75             R 
91      5220   25             N 
92      5320  150             N 
93      5390   50             N 
94      5480  100             N 
95      5540  150             N 
96      5600  200             N 
97      5630  275             N 
98      5660   50             N 
99      5690   25             N 