  0      7   30  200             N 
  1     15   20  250             N 
  2     22   50  300             N 
  3     23   30  250             N 
  4     29    5  250             N 
  5     34   30  150             N 
  6     37   40  150             N 
  7     43   40  300             N 
  8     52    5  300             N 
  9     59   20  150             N 
 10     64   25  250             N 
 11     67   15  300             N 
 12     68   15  100             N 
 13     75   40  200             N 
 14     76   45  200             N 
 15     77   45  150             N 
 16     78   60  300             N 
 17     88   15  150             N 
 18     95   50   50             N 
 19     98   45  150             N 
 20    105   40  250             N 
 21    113   20  250             N 
 22    115   60  250             N 
 23    124   20  150             N 
 24    127   15  300             N 
 25    131   20  250             N 
 26    133   25  250             R 
 27    134   30   50             N 
 28    140   15  200             N 
 29    150   10  300             N 
 30    153   50  300             N 
 31    155   10  150             N 
 32    160   25  300             N 
 33    168   25  100             N 
 34    177   20   50             N 
 35    183   55  300             N 
 36    191   45  100             N 
 37    199   10   50             N 
 38    202   50  100             N 
 39    210   25  300             R 
 40    217   10  300             N 
 41    222    5  200             N 
 42    227   35  150             N 
 43    233   25  250             N 
 44    234   40   50             N 
 45    239   55  300             N 
 46    247   10  250             N 
 47    251   45  150             N 
 48    255   35   50             N 
 49    263   50  250             R
 50    269   45   50             N 
 51    274   55  200             N 
 52    276   40  300             N 
 53    283   45  200             N 
 54    293   60  100             N 
 55    295   60  200             N 
 56    304   40  300             N 
 57    308   55  200             N 
 58    317   10  300             N 
 59    319   45  150             N 
 60    325   10  250             N 
 61    328   55   50             N 
 62    331   25   50             N 
 63    337   60   50             N 
 64    341   55  100             N 
 65    351   25  150             N 
 66    360   60  200             N 
 67    364   25   50             N 
 68    372    5  300             R 
 69    379   40  100             N 
 70    387   25  300             N 
 71    392   60   50             N 
 72    398   55  100             N 
 73    399   40  200             N 
 74    408   55  250             N 
 75    417   35  250             N 
 76    423   60  200             N 
 77    430   20   50             N 
 78    431    5  150             N 
 79    441   35  200             N 
 80    450   35  250             N 
 81    453   50   50             N 
 82    460   25  200             N 
 83    464    5  150             N 
 84    467   15   50             N 
 85    472   30  100             N 
 86    480   20  150             N 
 87    490   35  150             N 
 88    497   25  100             N 
 89    506   45  100             N 
 90    514   15  100             R 
 91    522    5  300             N 
 92    532   30  200             N 
 93    539   10  250             N 
 94    548   20   50             N 
 95    554   30  150             N 
 96    560   40  200             N 
 97    563   55  100             N 
 98    566   10  200             N 
 99    569    5  200             N 
 